time	data_scientist	data_science	computer	food
2012-01	8	12	100	58
2012-02	8	10	93	58
2012-03	8	9	90	60
2012-04	7	10	88	60
2012-05	8	9	90	61
2012-06	8	6	89	61
2012-07	8	6	94	62
2012-08	11	12	95	60
2012-09	18	17	96	62
2012-10	12	12	88	58
2012-11	9	12	91	60
2012-12	10	10	91	58
2013-01	12	14	92	59
2013-02	12	12	88	59
2013-03	15	11	87	60
2013-04	23	14	83	60
2013-05	19	14	80	60
2013-06	15	11	81	61
2013-07	14	10	82	59
2013-08	19	15	87	59
2013-09	24	23	89	58
2013-10	18	19	84	60
2013-11	15	18	85	61
2013-12	15	16	86	57
2014-01	18	21	88	59
2014-02	23	22	85	58
2014-03	19	21	81	60
2014-04	22	20	78	59
2014-05	23	21	76	60
2014-06	24	17	76	58
2014-07	23	19	78	59
2014-08	33	30	83	59
2014-09	36	37	87	59
2014-10	30	28	81	59
2014-11	30	28	80	60
2014-12	26	24	83	57
2015-01	32	32	82	58
2015-02	32	30	78	58
2015-03	37	28	75	59
2015-04	40	34	74	60
2015-05	34	32	72	61
2015-06	39	28	74	63
2015-07	34	31	75	64
2015-08	45	40	81	63
2015-09	49	51	81	64
2015-10	61	44	77	63
2015-11	40	36	77	64
2015-12	36	34	77	61
2016-01	61	43	72	65
2016-02	46	41	72	66
2016-03	49	40	69	66
2016-04	46	41	68	68
2016-05	48	39	66	73
2016-06	42	37	64	70
2016-07	36	34	61	71
2016-08	46	44	69	69
2016-09	52	56	71	70
2016-10	50	48	67	70
2016-11	49	47	68	70
2016-12	47	43	68	75
2017-01	62	58	70	71
2017-02	68	58	69	73
2017-03	61	59	67	74
2017-04	60	58	65	76
2017-05	64	55	63	77
2017-06	58	52	58	78
2017-07	66	51	60	82
2017-08	67	65	64	79
2017-09	77	71	67	77
2017-10	71	72	64	80
2017-11	65	65	68	78
2017-12	57	55	65	79
2018-01	75	71	65	78
2018-02	72	67	62	78
2018-03	80	68	62	82
2018-04	76	75	61	85
2018-05	82	68	58	85
2018-06	77	62	55	86
2018-07	81	61	56	91
2018-08	90	74	62	89
2018-09	90	86	62	85
2018-10	87	83	59	83
2018-11	78	74	60	84
2018-12	65	65	59	87
2019-01	92	86	60	88
2019-02	89	83	59	86
2019-03	84	82	56	90
2019-04	88	84	54	91
2019-05	90	77	53	93
2019-06	80	76	52	99
2019-07	84	72	51	100
2019-08	100	90	57	96
2019-09	98	100	59	90
2019-10	92	94	56	91
2019-11	80	83	57	90
2019-12	90	87	62	83
